[PARAMETERS]
WIDTH=1592
HEIGHT=3098
X_OFFSET=536.300964355469
Z_OFFSET=1617.61950683594
MARGIN=10
SCALE_FACTOR=1
DRAWING_SIZE=10

